[gd_scene load_steps=5 format=2]

[ext_resource path="res://Drone/post_env.tres" type="Environment" id=1]
[ext_resource path="res://_kenny_textures/Dark/texture_07.png" type="Texture" id=2]
[ext_resource path="res://Drone/Drone.tscn" type="PackedScene" id=3]

[sub_resource type="SpatialMaterial" id=1]
flags_world_triplanar = true
albedo_texture = ExtResource( 2 )
metallic = 0.92
metallic_specular = 0.37
roughness = 0.49
uv1_triplanar = true

[node name="main" type="Spatial"]

[node name="Camera" type="Camera" parent="."]
transform = Transform( 0.95487, 0.110599, -0.275666, 0, 0.92809, 0.372356, 0.297025, -0.355552, 0.886205, -1.21996, 2.07457, 11.3897 )

[node name="CSGBox" type="CSGBox" parent="."]
width = 29.6461
height = 0.241249
depth = 27.3992
material = SubResource( 1 )

[node name="Drone" parent="." instance=ExtResource( 3 )]
transform = Transform( -0.569237, 0, 0.822174, 0, 1, 0, -0.822174, 0, -0.569237, 0.769365, 0.7144, 7.68695 )

[node name="WorldEnvironment" type="WorldEnvironment" parent="."]
environment = ExtResource( 1 )

[node name="DirectionalLight" type="DirectionalLight" parent="WorldEnvironment"]
transform = Transform( -0.084172, 0.996064, -0.0277724, -0.464607, -0.0145746, 0.885397, 0.881508, 0.0874289, 0.464005, -3.76596, 7.31644, 11.5404 )
light_energy = 2.41
shadow_enabled = true
